466
0
18.912558
108.349358
0.000000
0.000000
29.348804
0
-18.583244
127.231453
0.000000
0.000000
43.098457
0
-67.678886
128.801147
0.000000
0.000000
41.565456
0
-104.915283
124.012985
0.000000
0.000000
54.674400
0
-167.134537
122.776115
0.000000
0.000000
53.057678
0
-223.200119
120.404800
0.000000
0.000000
72.154221
0
-296.923615
122.576286
0.000000
0.000000
37.868279
0
-347.170349
121.168266
0.000000
0.000000
58.396019
0
57.875099
113.893875
0.000000
0.000000
25.779356
0
72.153709
134.324219
0.000000
0.000000
61.667831
0
131.712997
140.933243
0.000000
0.000000
52.397820
0
182.833008
123.569962
0.000000
0.000000
83.918648
0
261.130096
146.571854
0.000000
0.000000
47.588642
0
283.683533
188.607193
0.000000
0.000000
38.861572
0
292.450562
225.195312
0.000000
0.000000
41.669987
0
306.838257
267.856567
0.000000
0.000000
39.733891
0
342.041504
289.350037
0.000000
0.000000
39.361626
0
497.182739
213.559967
0.000000
0.000000
36.561058
0
459.815186
192.470551
0.000000
0.000000
55.466770
0
409.692993
183.193893
0.000000
0.000000
38.684578
0
389.600983
154.260010
0.000000
0.000000
23.054470
0
429.512939
133.712067
0.000000
0.000000
34.381935
0
422.479248
101.490814
0.000000
0.000000
40.851643
0
415.411377
66.869972
0.000000
0.000000
38.095715
0
398.505554
34.825413
0.000000
0.000000
38.612827
0
378.035217
-0.972644
0.000000
0.000000
40.732590
0
342.653900
-27.308287
0.000000
0.000000
41.884693
0
307.727722
-54.694557
0.000000
0.000000
42.049717
0
278.841614
-88.394302
0.000000
0.000000
38.703255
0
249.174469
-119.894424
0.000000
0.000000
40.852486
0
203.539032
-121.459259
0.000000
0.000000
40.541046
0
176.416534
-89.583038
0.000000
0.000000
38.894344
0
157.435883
-52.041527
0.000000
0.000000
20.917662
0
147.165222
-108.598091
0.000000
0.000000
22.385418
0
126.265625
-110.847168
0.000000
0.000000
26.470491
0
97.733360
-110.458412
0.000000
0.000000
30.884499
0
55.782574
-123.610626
0.000000
0.000000
32.894150
0
22.086538
-127.865112
0.000000
0.000000
30.879526
0
-15.383019
-131.254562
0.000000
0.000000
47.863384
0
-70.718254
-124.247139
0.000000
0.000000
43.120064
0
-120.803398
-117.573471
0.000000
0.000000
45.611992
0
-173.353226
-107.059593
0.000000
0.000000
44.820374
0
-218.775192
-84.698669
0.000000
0.000000
44.114578
0
-269.114166
-80.904213
0.000000
0.000000
49.902428
0
-325.096344
-54.932262
0.000000
0.000000
51.169338
0
-381.515503
-53.684330
0.000000
0.000000
39.338131
0
-419.865845
-29.358992
0.000000
0.000000
42.151150
0
-462.715424
-4.076329
0.000000
0.000000
44.220982
0
-491.994781
39.140713
0.000000
0.000000
52.740891
0
-512.406982
95.430878
0.000000
0.000000
48.580669
0
-528.796692
147.150925
0.000000
0.000000
49.677143
0
-543.357849
201.747971
0.000000
0.000000
55.516933
0
-520.535461
258.162537
0.000000
0.000000
55.104668
0
-485.455017
311.053131
0.000000
0.000000
54.687851
0
-450.045654
359.243774
0.000000
0.000000
62.454166
0
-383.190125
374.617859
0.000000
0.000000
45.903088
0
-327.265717
376.348816
0.000000
0.000000
36.164070
0
-291.712036
374.658020
0.000000
0.000000
46.408627
0
-241.149750
358.165222
0.000000
0.000000
42.960804
0
-192.988342
333.936462
0.000000
0.000000
47.817123
0
322.913269
448.442871
0.000000
0.000000
36.055702
0
291.628876
443.147522
0.000000
0.000000
44.761829
0
251.876968
425.355042
0.000000
0.000000
45.339241
0
210.136017
396.092529
0.000000
0.000000
40.742245
0
173.952652
371.279816
0.000000
0.000000
39.949890
0
143.978683
346.772644
0.000000
0.000000
37.857712
0
138.878174
308.346527
0.000000
0.000000
33.279903
0
-3.799077
161.314896
0.000000
0.000000
43.394756
0
-11.747377
200.209305
0.000000
0.000000
48.769138
0
-15.390543
251.359634
0.000000
0.000000
54.669781
0
-16.126650
310.893890
0.000000
0.000000
44.585068
0
-14.173265
359.597351
0.000000
0.000000
39.329880
0
547.425293
226.519150
0.000000
0.000000
51.750648
0
543.723083
280.707062
0.000000
0.000000
57.319527
0
528.180481
342.267517
0.000000
0.000000
57.353436
0
508.372223
403.847595
0.000000
0.000000
63.645390
0
489.585327
468.312958
0.000000
0.000000
71.595337
0
461.858246
542.115845
0.000000
0.000000
63.797302
0
391.241943
479.374756
0.000000
0.000000
76.624512
0
146.646820
50.935623
0.000000
0.000000
23.637291
0
138.780045
31.384817
0.000000
0.000000
26.361816
0
256.016266
103.285637
0.000000
0.000000
23.023567
0
-137.497208
-10.165137
0.000000
0.000000
11.645161
0
-83.856400
25.906729
0.000000
0.000000
5.000051
0
222.185410
-17.358427
0.000000
0.000000
5.114403
0
125.733360
385.921875
0.000000
0.000000
31.339718
0
116.713860
411.930481
0.000000
0.000000
49.506756
0
91.440491
444.399567
0.000000
0.000000
44.558952
0
78.482758
484.686401
0.000000
0.000000
42.739525
0
53.608196
519.655457
0.000000
0.000000
49.024830
0
-119.107826
564.433228
0.000000
0.000000
49.313232
0
-178.506958
567.169617
0.000000
0.000000
45.815090
0
-237.100555
570.783508
0.000000
0.000000
44.048527
0
-298.621796
565.784912
0.000000
0.000000
56.252384
0
-363.853363
565.735352
0.000000
0.000000
44.405952
0
-419.529358
562.502991
0.000000
0.000000
51.693394
0
-478.688293
560.123779
0.000000
0.000000
32.580521
0
-576.664246
212.036133
0.000000
0.000000
45.358627
0
-604.691162
248.025482
0.000000
0.000000
43.786911
0
-633.093323
286.894653
0.000000
0.000000
37.808460
0
-665.916626
311.787903
0.000000
0.000000
34.222054
0
-693.754700
344.240601
0.000000
0.000000
48.862469
0
-720.914551
394.531677
0.000000
0.000000
51.951145
0
-742.648132
459.605164
0.000000
0.000000
46.496857
0
-745.578918
511.435730
0.000000
0.000000
55.408543
0
-746.940247
571.659363
0.000000
0.000000
52.879147
0
-731.047668
637.501709
0.000000
0.000000
45.729183
0
-701.948486
691.597473
0.000000
0.000000
47.998207
0
-649.123047
729.424255
0.000000
0.000000
47.416542
0
-595.321411
747.633301
0.000000
0.000000
45.442619
0
-540.483521
755.259949
0.000000
0.000000
58.321552
0
-472.683655
765.389771
0.000000
0.000000
46.887146
0
-415.586578
767.916870
0.000000
0.000000
42.458401
0
-376.993378
753.741882
0.000000
0.000000
53.861416
0
-316.755341
740.388977
0.000000
0.000000
47.712425
0
-257.310089
738.035461
0.000000
0.000000
40.563156
0
-204.294571
751.247070
0.000000
0.000000
48.253822
0
-146.982605
762.094849
0.000000
0.000000
52.538834
0
-81.671082
767.680481
0.000000
0.000000
52.403027
0
-12.504942
771.825073
0.000000
0.000000
50.680485
0
54.784508
776.229431
0.000000
0.000000
57.223606
0
129.271378
777.923462
0.000000
0.000000
44.608437
0
193.909363
780.536011
0.000000
0.000000
51.822941
0
255.884827
778.885010
0.000000
0.000000
43.188496
0
309.056519
758.744019
0.000000
0.000000
37.275806
0
358.711151
690.354858
0.000000
0.000000
42.577969
0
340.191406
727.515991
0.000000
0.000000
28.853008
0
405.992981
643.331726
0.000000
0.000000
36.440701
0
423.276428
605.757690
0.000000
0.000000
33.686150
0
369.478943
573.763428
0.000000
0.000000
37.879120
0
376.024323
617.132568
0.000000
0.000000
27.946260
0
360.672363
647.960754
0.000000
0.000000
21.692051
0
310.585114
488.302338
0.000000
0.000000
30.755333
0
208.641586
573.015686
0.000000
0.000000
5.328604
0
262.295654
605.253235
0.000000
0.000000
16.109577
0
271.517883
663.529480
0.000000
0.000000
5.205902
0
-12.406495
672.979187
0.000000
0.000000
5.216359
0
227.932663
678.185059
0.000000
0.000000
9.362228
0
-598.019287
460.999969
0.000000
0.000000
13.126044
0
-306.254639
250.104736
0.000000
0.000000
5.568524
1
96.927155
-44.354065
0.000000
0.000000
15.000000
1
84.427155
-44.353451
0.000000
0.000000
15.000000
1
70.364655
-45.915730
0.000000
0.000000
15.000000
1
62.552162
-45.915634
0.000000
0.000000
15.000000
1
54.739658
-45.915546
0.000000
0.000000
15.000000
1
45.364658
-45.915466
0.000000
0.000000
15.000000
1
34.427158
-44.352894
0.000000
0.000000
15.000000
1
26.614656
-44.352829
0.000000
0.000000
15.000000
1
18.802156
-42.790272
0.000000
0.000000
15.000000
1
10.989655
-39.665218
0.000000
0.000000
15.000000
1
1.614655
-38.102623
0.000000
0.000000
15.000000
1
-6.197845
-36.540016
0.000000
0.000000
15.000000
1
-14.010345
-34.977402
0.000000
0.000000
15.000000
1
-20.260344
-30.289854
0.000000
0.000000
15.000000
1
-24.947845
-24.039831
0.000000
0.000000
15.000000
1
-29.635347
-13.102308
0.000000
0.000000
15.000000
1
-32.760349
-2.164794
0.000000
0.000000
15.000000
1
-34.322845
8.772725
0.000000
0.000000
15.000000
1
-32.760349
18.147739
0.000000
0.000000
15.000000
1
-24.947849
25.960247
0.000000
0.000000
15.000000
1
-15.572847
35.335255
0.000000
0.000000
15.000000
1
-7.760347
41.585258
0.000000
0.000000
15.000000
1
3.177152
46.272766
0.000000
0.000000
15.000000
1
15.677153
46.272766
0.000000
0.000000
15.000000
1
28.177153
46.272766
0.000000
0.000000
15.000000
1
42.239651
46.272770
0.000000
0.000000
15.000000
1
51.614651
46.272778
0.000000
0.000000
15.000000
1
60.989651
46.272778
0.000000
0.000000
15.000000
1
68.802155
44.710278
0.000000
0.000000
15.000000
1
78.177155
36.897778
0.000000
0.000000
15.000000
1
84.427155
25.960278
0.000000
0.000000
15.000000
1
87.552162
16.585278
0.000000
0.000000
15.000000
1
89.114655
8.772777
0.000000
0.000000
15.000000
1
89.114655
-2.164724
0.000000
0.000000
15.000000
1
87.552162
-13.102221
0.000000
0.000000
15.000000
1
81.302155
-22.477221
0.000000
0.000000
15.000000
1
75.052155
-27.164724
0.000000
0.000000
15.000000
1
65.677155
-28.727224
0.000000
0.000000
15.000000
1
51.614655
-28.727226
0.000000
0.000000
15.000000
1
42.239655
-28.727226
0.000000
0.000000
15.000000
1
29.739656
-25.602222
0.000000
0.000000
15.000000
1
20.364656
-22.477224
0.000000
0.000000
15.000000
1
10.989655
-16.227226
0.000000
0.000000
15.000000
1
4.739655
-8.414727
0.000000
0.000000
15.000000
1
3.177154
-0.602226
0.000000
0.000000
15.000000
1
3.177153
7.210273
0.000000
0.000000
15.000000
1
9.427154
13.460274
0.000000
0.000000
15.000000
1
15.677154
19.710274
0.000000
0.000000
15.000000
1
26.614655
21.272776
0.000000
0.000000
15.000000
1
37.552155
22.835276
0.000000
0.000000
15.000000
1
46.927155
22.835276
0.000000
0.000000
15.000000
1
56.302155
16.585276
0.000000
0.000000
15.000000
1
60.989655
10.335276
0.000000
0.000000
15.000000
1
60.989655
-0.602224
0.000000
0.000000
15.000000
1
57.864658
-8.414724
0.000000
0.000000
15.000000
1
50.052155
-13.102223
0.000000
0.000000
15.000000
1
42.239655
-13.102223
0.000000
0.000000
15.000000
1
34.427155
-9.977223
0.000000
0.000000
15.000000
1
28.177155
-3.727225
0.000000
0.000000
15.000000
1
25.052155
4.085274
0.000000
0.000000
15.000000
1
32.864655
8.772775
0.000000
0.000000
15.000000
1
40.677155
10.335275
0.000000
0.000000
15.000000
1
50.052155
10.335275
0.000000
0.000000
15.000000
1
42.239655
29.085276
0.000000
0.000000
15.000000
1
31.302153
29.085276
0.000000
0.000000
15.000000
1
-4.635346
2.522773
0.000000
0.000000
15.000000
1
-4.635346
-6.852226
0.000000
0.000000
15.000000
1
-3.072845
-14.664727
0.000000
0.000000
15.000000
1
-9.322845
-19.352224
0.000000
0.000000
15.000000
1
-17.135347
-17.789726
0.000000
0.000000
15.000000
1
-21.822847
-5.289728
0.000000
0.000000
15.000000
1
-18.697847
2.522773
0.000000
0.000000
15.000000
1
-14.010347
10.335272
0.000000
0.000000
15.000000
1
-9.322847
18.147774
0.000000
0.000000
15.000000
1
-1.510347
25.960274
0.000000
0.000000
15.000000
1
4.739653
32.210274
0.000000
0.000000
15.000000
1
-7.760347
30.647774
0.000000
0.000000
15.000000
1
-17.135347
21.272774
0.000000
0.000000
15.000000
1
-40.572849
-9.977227
0.000000
0.000000
15.000000
1
-46.822849
-17.789728
0.000000
0.000000
15.000000
1
-49.947849
-27.164730
0.000000
0.000000
15.000000
1
-54.635349
-34.977230
0.000000
0.000000
15.000000
1
-60.885345
-39.664730
0.000000
0.000000
15.000000
1
-70.260353
-39.664730
0.000000
0.000000
15.000000
1
-76.510345
-34.977230
0.000000
0.000000
15.000000
1
-78.072853
-24.039730
0.000000
0.000000
15.000000
1
-76.510345
-16.227230
0.000000
0.000000
15.000000
1
-70.260353
-9.977228
0.000000
0.000000
15.000000
1
-62.447849
-5.289730
0.000000
0.000000
15.000000
1
-53.072845
-0.602229
0.000000
0.000000
15.000000
1
-42.135345
4.085271
0.000000
0.000000
15.000000
1
-35.885345
25.960272
0.000000
0.000000
15.000000
1
-40.572849
35.335274
0.000000
0.000000
15.000000
1
-43.697845
43.147770
0.000000
0.000000
15.000000
1
-34.322849
46.272774
0.000000
0.000000
15.000000
1
-24.947849
46.272774
0.000000
0.000000
15.000000
1
-23.385347
33.772774
0.000000
0.000000
15.000000
1
-40.572849
18.147772
0.000000
0.000000
15.000000
1
-48.385349
15.022772
0.000000
0.000000
15.000000
1
-56.197849
15.022771
0.000000
0.000000
15.000000
1
-56.197849
22.835272
0.000000
0.000000
15.000000
1
-51.510345
29.085272
0.000000
0.000000
15.000000
1
-84.322845
-19.352228
0.000000
0.000000
15.000000
1
-90.572845
-25.602228
0.000000
0.000000
15.000000
1
-93.697853
-33.414734
0.000000
0.000000
15.000000
1
-95.260353
-41.227230
0.000000
0.000000
15.000000
1
-89.010345
-45.914730
0.000000
0.000000
15.000000
1
-79.635353
-45.914730
0.000000
0.000000
15.000000
1
-71.822853
-47.477230
0.000000
0.000000
15.000000
1
-57.760345
-50.602234
0.000000
0.000000
15.000000
1
-49.947845
-50.602234
0.000000
0.000000
15.000000
1
-42.135342
-50.602230
0.000000
0.000000
15.000000
1
-32.760345
-49.039726
0.000000
0.000000
15.000000
1
-23.385344
-49.039726
0.000000
0.000000
15.000000
1
-14.010345
-49.039726
0.000000
0.000000
15.000000
1
-6.197845
-50.602230
0.000000
0.000000
15.000000
1
1.614656
-53.727226
0.000000
0.000000
15.000000
1
9.427157
-55.289726
0.000000
0.000000
15.000000
1
17.239656
-56.852230
0.000000
0.000000
15.000000
1
25.052156
-56.852230
0.000000
0.000000
15.000000
1
68.802155
-38.102219
0.000000
0.000000
15.000000
1
107.812508
-32.812496
0.000000
0.000000
15.000000
1
107.812508
-24.999998
0.000000
0.000000
15.000000
1
106.250008
-17.187496
0.000000
0.000000
15.000000
1
104.687500
-9.374995
0.000000
0.000000
15.000000
1
100.000008
-3.124996
0.000000
0.000000
15.000000
1
81.250000
9.375004
0.000000
0.000000
15.000000
1
71.875000
15.625003
0.000000
0.000000
15.000000
1
57.812504
25.000004
0.000000
0.000000
15.000000
1
50.000004
31.250002
0.000000
0.000000
15.000000
1
43.750000
37.500004
0.000000
0.000000
15.000000
1
35.937500
40.625000
0.000000
0.000000
15.000000
1
21.874998
40.625000
0.000000
0.000000
15.000000
1
-51.562504
45.312496
0.000000
0.000000
15.000000
1
-59.375004
45.312496
0.000000
0.000000
15.000000
1
-67.187508
45.312496
0.000000
0.000000
15.000000
1
-57.812504
37.499996
0.000000
0.000000
15.000000
1
-62.500000
9.374997
0.000000
0.000000
15.000000
1
-70.312500
3.124997
0.000000
0.000000
15.000000
1
-78.125000
1.562497
0.000000
0.000000
15.000000
1
-85.937500
-0.000004
0.000000
0.000000
15.000000
1
-93.750000
3.124996
0.000000
0.000000
15.000000
1
-100.000008
7.812496
0.000000
0.000000
15.000000
1
-107.812508
12.499996
0.000000
0.000000
15.000000
1
-114.062508
17.187494
0.000000
0.000000
15.000000
1
-120.312500
21.874994
0.000000
0.000000
15.000000
1
-126.562508
26.562494
0.000000
0.000000
15.000000
1
-134.375015
29.687494
0.000000
0.000000
15.000000
1
-143.750000
28.124996
0.000000
0.000000
15.000000
1
-153.125000
26.562492
0.000000
0.000000
15.000000
1
-164.062500
24.999994
0.000000
0.000000
15.000000
1
-171.875000
23.437492
0.000000
0.000000
15.000000
1
-178.125000
18.749992
0.000000
0.000000
15.000000
1
-182.812500
12.499993
0.000000
0.000000
15.000000
1
-184.375015
4.687492
0.000000
0.000000
15.000000
1
-184.375015
-3.125008
0.000000
0.000000
15.000000
1
-182.812500
-10.937508
0.000000
0.000000
15.000000
1
-159.375000
31.249992
0.000000
0.000000
15.000000
1
-153.125000
35.937492
0.000000
0.000000
15.000000
1
-146.875000
40.624992
0.000000
0.000000
15.000000
1
-139.062500
45.312492
0.000000
0.000000
15.000000
1
-131.250000
46.874992
0.000000
0.000000
15.000000
1
-121.875008
46.874996
0.000000
0.000000
15.000000
1
-115.625008
42.187496
0.000000
0.000000
15.000000
1
-110.937500
35.937496
0.000000
0.000000
15.000000
1
-110.937500
26.562494
0.000000
0.000000
15.000000
1
-106.250008
-7.812505
0.000000
0.000000
15.000000
1
-114.062508
-32.812504
0.000000
0.000000
15.000000
1
-137.500000
-45.312508
0.000000
0.000000
15.000000
1
-121.875008
-46.875004
0.000000
0.000000
15.000000
1
-107.812508
-48.437504
0.000000
0.000000
15.000000
1
-115.625008
-42.187504
0.000000
0.000000
15.000000
1
-106.250008
-40.625004
0.000000
0.000000
15.000000
1
-20.312502
54.687500
0.000000
0.000000
15.000000
1
-48.437504
57.812496
0.000000
0.000000
15.000000
1
-34.375004
56.250004
0.000000
0.000000
15.000000
1
45.312508
-62.499996
0.000000
0.000000
15.000000
1
28.125002
-64.062500
0.000000
0.000000
15.000000
1
-12.499998
-57.812500
0.000000
0.000000
15.000000
1
-20.312498
-59.375000
0.000000
0.000000
15.000000
1
-28.124998
-60.937496
0.000000
0.000000
15.000000
1
87.500000
46.875004
0.000000
0.000000
15.000000
1
-167.187500
35.937492
0.000000
0.000000
15.000000
1
-156.250000
45.312492
0.000000
0.000000
15.000000
1
-195.312500
3.124992
0.000000
0.000000
15.000000
1
-168.750015
-17.187508
0.000000
0.000000
15.000000
1
-164.062500
-0.000007
0.000000
0.000000
15.000000
2
436.293304
304.996796
0.000000
0.000000
15.000000
2
420.688995
326.876709
0.000000
0.000000
15.000000
2
414.439362
373.751709
0.000000
0.000000
15.000000
2
298.814362
358.126678
0.000000
0.000000
15.000000
2
272.251892
26.170328
0.000000
0.000000
15.000000
2
297.251892
52.726967
0.000000
0.000000
15.000000
2
320.689392
83.976654
0.000000
0.000000
15.000000
2
336.314392
126.164154
0.000000
0.000000
15.000000
2
350.376892
102.726654
0.000000
0.000000
15.000000
2
328.501892
60.539154
0.000000
0.000000
15.000000
2
269.126892
52.726646
0.000000
0.000000
15.000000
2
91.001884
245.500702
0.000000
0.000000
15.000000
2
-412.501495
206.368729
0.000000
0.000000
15.000000
2
-412.594757
217.243332
0.000000
0.000000
15.000000
2
-411.052765
225.042007
0.000000
0.000000
15.000000
2
-406.395660
231.271500
0.000000
0.000000
15.000000
2
-403.286652
239.073227
0.000000
0.000000
15.000000
2
-398.614136
246.875595
0.000000
0.000000
15.000000
2
-390.807159
254.684372
0.000000
0.000000
15.000000
2
-386.124176
262.493835
0.000000
0.000000
15.000000
2
-379.879456
270.302765
0.000000
0.000000
15.000000
2
-372.069672
276.550903
0.000000
0.000000
15.000000
2
-362.696899
281.236908
0.000000
0.000000
15.000000
2
-351.762024
284.360168
0.000000
0.000000
15.000000
2
-339.263367
287.484283
0.000000
0.000000
15.000000
2
-331.451965
289.046021
0.000000
0.000000
15.000000
2
-323.640747
289.045166
0.000000
0.000000
15.000000
2
-315.828583
289.044922
0.000000
0.000000
15.000000
2
-304.891693
287.482025
0.000000
0.000000
15.000000
2
-306.455536
278.106110
0.000000
0.000000
15.000000
2
-314.268494
273.418304
0.000000
0.000000
15.000000
2
-320.518646
268.730682
0.000000
0.000000
15.000000
2
-328.331390
265.605530
0.000000
0.000000
15.000000
2
-334.581512
260.917938
0.000000
0.000000
15.000000
2
-343.956635
254.667801
0.000000
0.000000
15.000000
2
-348.644196
246.855270
0.000000
0.000000
15.000000
2
-353.331726
239.042770
0.000000
0.000000
15.000000
2
-358.019287
229.667770
0.000000
0.000000
15.000000
2
-359.581818
221.855270
0.000000
0.000000
15.000000
2
-362.706818
214.042770
0.000000
0.000000
15.000000
2
-370.519318
212.480270
0.000000
0.000000
15.000000
2
-378.331818
212.480270
0.000000
0.000000
15.000000
2
-383.019318
220.292770
0.000000
0.000000
15.000000
2
-386.144318
232.792770
0.000000
0.000000
15.000000
2
-386.144318
243.730270
0.000000
0.000000
15.000000
2
-381.456818
254.667770
0.000000
0.000000
15.000000
2
-376.769318
262.480255
0.000000
0.000000
15.000000
2
-372.081818
268.730255
0.000000
0.000000
15.000000
2
-361.144318
273.417755
0.000000
0.000000
15.000000
2
-361.144318
264.042755
0.000000
0.000000
15.000000
2
-361.144318
256.230255
0.000000
0.000000
15.000000
2
-361.144318
246.855270
0.000000
0.000000
15.000000
2
-365.831818
240.605270
0.000000
0.000000
15.000000
2
-368.956818
231.230270
0.000000
0.000000
15.000000
2
-351.769318
221.855270
0.000000
0.000000
15.000000
2
-343.956818
220.292770
0.000000
0.000000
15.000000
2
-336.144287
218.730270
0.000000
0.000000
15.000000
2
-331.456818
224.980270
0.000000
0.000000
15.000000
2
-333.019318
232.792770
0.000000
0.000000
15.000000
2
-334.581818
240.605270
0.000000
0.000000
15.000000
2
-334.581818
248.417770
0.000000
0.000000
15.000000
2
-339.269318
267.167786
0.000000
0.000000
15.000000
2
-343.956818
273.417786
0.000000
0.000000
15.000000
2
-379.894318
279.667755
0.000000
0.000000
15.000000
2
-389.269318
274.980255
0.000000
0.000000
15.000000
2
-393.956818
268.730255
0.000000
0.000000
15.000000
2
-398.644318
262.480255
0.000000
0.000000
15.000000
2
-403.331818
254.667770
0.000000
0.000000
15.000000
2
-408.019318
246.855270
0.000000
0.000000
15.000000
2
-415.831818
245.292770
0.000000
0.000000
15.000000
2
-422.081818
249.980270
0.000000
0.000000
15.000000
2
-420.519287
257.792755
0.000000
0.000000
15.000000
2
-415.831818
264.042755
0.000000
0.000000
15.000000
2
-408.019318
271.855255
0.000000
0.000000
15.000000
2
-401.769318
279.667755
0.000000
0.000000
15.000000
2
-397.081787
285.917755
0.000000
0.000000
15.000000
2
-389.269318
292.167755
0.000000
0.000000
15.000000
2
-381.456818
296.855255
0.000000
0.000000
15.000000
2
-372.081818
299.980255
0.000000
0.000000
15.000000
2
-365.831818
304.667755
0.000000
0.000000
15.000000
2
-358.019318
306.230255
0.000000
0.000000
15.000000
2
-350.206818
306.230255
0.000000
0.000000
15.000000
2
-571.141846
335.202728
0.000000
0.000000
15.000000
2
-571.141846
344.577728
0.000000
0.000000
15.000000
2
-568.016846
353.952728
0.000000
0.000000
15.000000
2
-561.766785
363.327728
0.000000
0.000000
15.000000
2
-558.641846
371.140228
0.000000
0.000000
15.000000
2
-555.516846
378.952728
0.000000
0.000000
15.000000
2
-550.829346
388.327728
0.000000
0.000000
15.000000
2
-546.141785
396.140228
0.000000
0.000000
15.000000
2
-543.016846
403.952728
0.000000
0.000000
15.000000
2
-549.266846
408.640228
0.000000
0.000000
15.000000
2
-557.079346
405.515228
0.000000
0.000000
15.000000
2
-564.891846
399.265228
0.000000
0.000000
15.000000
2
-569.579285
393.015228
0.000000
0.000000
15.000000
2
-575.829346
388.327728
0.000000
0.000000
15.000000
2
-585.204285
385.202728
0.000000
0.000000
15.000000
2
-593.016785
383.640228
0.000000
0.000000
15.000000
2
-600.829285
380.515228
0.000000
0.000000
15.000000
2
-608.641785
380.515228
0.000000
0.000000
15.000000
2
-605.516846
372.702728
0.000000
0.000000
15.000000
2
-599.266846
368.015228
0.000000
0.000000
15.000000
2
-593.016785
361.765228
0.000000
0.000000
15.000000
2
-591.454346
353.952728
0.000000
0.000000
15.000000
2
-588.329346
344.577728
0.000000
0.000000
15.000000
2
-580.516846
349.265228
0.000000
0.000000
15.000000
2
-563.329346
377.390228
0.000000
0.000000
15.000000
2
-571.141846
377.390228
0.000000
0.000000
15.000000
2
-577.391785
372.702728
0.000000
0.000000
15.000000
2
-580.516846
363.327728
0.000000
0.000000
15.000000
2
164.029922
685.652161
0.000000
0.000000
15.000000
2
168.717773
679.402161
0.000000
0.000000
15.000000
2
171.842941
671.589661
0.000000
0.000000
15.000000
2
173.405563
663.777161
0.000000
0.000000
15.000000
2
176.530670
655.964661
0.000000
0.000000
15.000000
2
181.218216
649.714661
0.000000
0.000000
15.000000
2
185.905807
643.464661
0.000000
0.000000
15.000000
2
192.155853
637.214661
0.000000
0.000000
15.000000
2
193.718384
627.839661
0.000000
0.000000
15.000000
2
193.718414
615.339661
0.000000
0.000000
15.000000
2
189.030914
609.089661
0.000000
0.000000
15.000000
2
184.343430
602.839661
0.000000
0.000000
15.000000
2
178.093430
598.152161
0.000000
0.000000
15.000000
2
171.843430
593.464661
0.000000
0.000000
15.000000
2
165.593430
587.214661
0.000000
0.000000
15.000000
2
171.843445
616.902161
0.000000
0.000000
15.000000
2
165.593430
626.277161
0.000000
0.000000
15.000000
2
162.468430
634.089661
0.000000
0.000000
15.000000
2
159.343430
641.902161
0.000000
0.000000
15.000000
2
153.093445
652.839661
0.000000
0.000000
15.000000
2
151.530930
629.402161
0.000000
0.000000
15.000000
2
153.093445
621.589661
0.000000
0.000000
15.000000
2
154.655930
610.652161
0.000000
0.000000
15.000000
2
-25.533760
454.441437
0.000000
0.000000
15.000000
2
-34.908760
460.691437
0.000000
0.000000
15.000000
2
-42.721260
462.253937
0.000000
0.000000
15.000000
2
-55.221260
466.941437
0.000000
0.000000
15.000000
2
-70.846268
471.628937
0.000000
0.000000
15.000000
2
-78.658768
474.753937
0.000000
0.000000
15.000000
